000000000001100101000 000000000001011111101 000000000010110010110 000000000000000001000 000000000001100011111 000000000000001010101 000000000000100111110 000000000000000001110 000000000000011101100 
000000000000010110001 000000000000001110100 000000000000000000000 000000000000000010011 000000000000001111110 000000000000000100001 000000000000000100001 000000000000000011000 000000000000111110010 
000000000001000001010 000000000000100100101 000000000001010101001 000000000000100111110 000000000000011010100 000000000000101110001 000000000001001100101 000000000010001011100 000000000010111001110 
000000000001011010001 000000000000010110000 000000000000100010101 000000000001010110001 000000000000101111001 000000000000110111011 000000000001010010100 000000000000110010000 000000000010000000110 
000000000000001000100 000000000000000000101 000000000000000011110 000000000000000010110 000000000000000100000 000000000000000101000 000000000000000010000 000000000000000100001 000000000000000110011 
000000000000000111011 000000000000000010100 000000000000010001001 000000000000000001001 000000000000000100010 000000000000000001001 000000000000000010110 000000000000000001000 000000000000000011000 
000000000000001111000 000000000001001000101 000000000010110111011 000000000000001010100 000000000000011001100 000000000000000000000 000000000000000000000 000000000000010111100 000000000000011101001 
000000000001101000100 000000000010001010011 000000000001011011000 000000000001001011111 000000000010000110100 000000000001001110100 000000000000101011001 000000000000111111111 000000000001101101110 
000000000000000010011 000000000000000001000 000000000000000010111 000000000000000010011 000000000000000011101 000000000000000011110 000000000000000100000 000000000000000100100 000000000000001010111 
000000000000100101000 000000000000001011001 000000000000000111011 000000000000011101000 000000000000001101001 000000000000001000101 000000000000011101010 000000000000000111000 000000000000001111100 
000000000000010001010 000000000000000110110 000000000000011000100 000000000000000011001 000000000000001010001 000000000000000000011 000000000000000000000 000000000000000000111 000000000000001010110 
000000000001101011001 000000000000011110100 000000000000010100110 000000000001000011001 000000000001010001000 000000000001101010011 000000000000011011111 000000000001000111100 000000000001111101101 
000000000000000110110 000000000000000001010 000000000000000001011 000000000000000000011 000000000000001100011 000000000000001010000 000000000000000110100 000000000000000000101 000000000000000100101 
000000000000000011001 000000000000000010011 000000000000000101110 000000000000000001001 000000000000010000111 000000000000000011101 000000000000010001110 000000000000000001010 000000000000000100001 
000000000010101110010 000000000010011001111 000000000000101111111 000000000000001000011 000000000000101011000 000000000000101001010 000000000000110110111 000000000000101101010 000000000001101110011 
000000000010110001110 000000000000111100011 000000000000100100000 000000000000111001000 000000000000110001101 000000000000010011000 000000000000001111011 000000000001001001111 000000000001110111001 
000000000001100101000 000000000001011111101 000000000010110010110 000000000000000001000 000000000001100011111 000000000000001010101 000000000000100111110 000000000000000001110 000000000000011101100 
000000000000010110001 000000000000001110100 000000000000000000000 000000000000000010011 000000000000001111110 000000000000000100001 000000000000000100001 000000000000000011000 000000000000111110010 
000000000001000001010 000000000000100100101 000000000001010101001 000000000000100111110 000000000000011010100 000000000000101110001 000000000001001100101 000000000010001011100 000000000010111001110 
000000000001011010001 000000000000010110000 000000000000100010101 000000000001010110001 000000000000101111001 000000000000110111011 000000000001010010100 000000000000110010000 000000000010000000110 
000000000000001000100 000000000000000000101 000000000000000011110 000000000000000010110 000000000000000100000 000000000000000101000 000000000000000010000 000000000000000100001 000000000000000110011 
000000000000000111011 000000000000000010100 000000000000010001001 000000000000000001001 000000000000000100010 000000000000000001001 000000000000000010110 000000000000000001000 000000000000000011000 
000000000000001111000 000000000001001000101 000000000010110111011 000000000000001010100 000000000000011001100 000000000000000000000 000000000000000000000 000000000000010111100 000000000000011101001 
000000000001101000100 000000000010001010011 000000000001011011000 000000000001001011111 000000000010000110100 000000000001001110100 000000000000101011001 000000000000111111111 000000000001101101110 
000000000000000010011 000000000000000001000 000000000000000010111 000000000000000010011 000000000000000011101 000000000000000011110 000000000000000100000 000000000000000100100 000000000000001010111 
000000000000100101000 000000000000001011001 000000000000000111011 000000000000011101000 000000000000001101001 000000000000001000101 000000000000011101010 000000000000000111000 000000000000001111100 
000000000000010001010 000000000000000110110 000000000000011000100 000000000000000011001 000000000000001010001 000000000000000000011 000000000000000000000 000000000000000000111 000000000000001010110 
000000000001101011001 000000000000011110100 000000000000010100110 000000000001000011001 000000000001010001000 000000000001101010011 000000000000011011111 000000000001000111100 000000000001111101101 
000000000000000110110 000000000000000001010 000000000000000001011 000000000000000000011 000000000000001100011 000000000000001010000 000000000000000110100 000000000000000000101 000000000000000100101 
000000000000000011001 000000000000000010011 000000000000000101110 000000000000000001001 000000000000010000111 000000000000000011101 000000000000010001110 000000000000000001010 000000000000000100001 
000000000010101110010 000000000010011001111 000000000000101111111 000000000000001000011 000000000000101011000 000000000000101001010 000000000000110110111 000000000000101101010 000000000001101110011 
000000000010110001110 000000000000111100011 000000000000110101001 000000000000111001000 000000000000110001101 000000000000010011000 000000000000001111011 000000000001001001111 000000000001110111001 
