00000000
00000000
00000000
00000000
00000000
00000000
00000000
00000000
00000000
00000000
00000000
00000000
00000000
00000000
00000000
00000000
00000000
00000000
00000000
00000000
00000000
00000000
00000000
00000000
00000000
00000000
00000000
00000000
00000000
00000000
00000000
00000000
00000000
00000000
00000000
10110001
10110010
10110011
10110101
10111100
01000010
00001001
00001111
00010011
00010010
00010001
00010001
00010000
00001110
00000101
00110011
01011110
01100011
00111011
00011111
01001101
10000001
10011100
10001100
10000101
01101001
00110000
01011011
01010001
01101001
01001000
01111110
00000000
00000000
10110010
10110010
10110100
10111110
10001101
00010000
00001100
00001110
00010001
00010010
00010001
00010000
00010000
00001110
00000110
00101100
10100111
01110010
01011000
00011010
00011000
01010001
01110011
01101001
01100100
10001101
00110111
00111100
00101001
00110001
00101010
01110101
00000000
00000000
10110011
10110100
10111011
10110000
00110000
00001101
00001111
00001110
00010000
00010000
00010000
00010001
00001111
00010001
00001001
00010101
10111001
10010100
01011001
00100001
00001011
00011110
01011001
01110001
10010100
10010110
00110011
00100011
00101001
00101001
00111011
01111111
00000000
00000000
10110100
10111001
10111001
01000110
00001001
00010000
00010000
00001110
00001111
00001111
00001111
00010000
00001111
00001111
00001001
00000110
01100001
10100000
10010000
01000000
00001100
00001010
00100100
01101000
10110111
10010100
00110101
00100110
00100111
00110011
00111111
01000010
00000000
00000000
10110111
10111010
01011000
00001010
00001111
00010000
00001110
00001101
00001110
00001110
00001110
00001111
00010000
00001110
00001001
00000100
01001010
10000101
01100100
00111010
00000111
00000110
00010111
10011010
10111011
10001110
00110011
00100111
00101100
01001100
01101101
00110010
00000000
00000000
10110110
01001100
00001011
00001111
00001111
00010000
00010000
00001110
00001101
00001101
00001101
00001110
00001111
00001110
00001110
00001100
00101000
01101001
00111010
00011101
00000110
00000111
00001011
10011010
10111011
10011111
00111000
00110101
00111111
00111110
01000011
00110110
00000000
00000000
01010000
00001000
00001100
00001100
00001110
00001101
00001101
00001101
00001100
00001101
00001101
00001111
00010000
00011000
00001111
00001011
00011101
01100111
00010011
00001101
00001011
00001000
00000001
01011010
10111000
10110110
01100011
00101001
00110010
00101111
01000011
00100101
00000000
00000000
00001100
00010000
00001101
00001010
00001101
00001110
00001011
00001100
00001100
00001100
00001100
00001110
00001111
00011101
00010000
00000111
00010100
01010001
00010010
00010010
00010011
00001000
00101110
01011000
10001101
10110011
10011010
01101011
01100101
01111011
10011011
01000001
00000000
00000000
00001111
00001111
00001111
00001110
00001011
00001110
00001100
00001011
00001100
00001100
00001100
00001101
00001110
00001011
00001111
00000111
00010111
01001100
00010011
00010100
00001101
01010010
01011100
01000101
01100100
01110100
00111111
01111100
11010000
11001010
11001101
01001100
00000000
00000000
00010000
00010000
00010000
00010010
00001111
00001111
00001101
00001100
00001101
00001101
00001100
00001101
00001110
00001101
00001111
00001001
00001111
00011001
00010011
00001001
01000001
01001001
00000111
00001100
01101101
01111100
01100011
10011110
11101001
11110101
11001110
01011100
00000000
00000000
00010010
00010010
00010001
00010000
00001111
00001111
00001101
00001011
00001101
00001101
00001101
00001110
00001111
00001111
00001111
00001011
00001101
00001111
00000111
00101001
01011011
00001101
00001110
00000010
01011010
10111101
10111000
11101100
11100011
11110010
10010101
00111011
00000000
00000000
00001110
00001110
00001110
00001110
00001100
00001100
00001011
00001011
00001100
00001011
00001100
00001110
00001101
00001001
00001001
00001011
00001100
00001000
00010111
01101000
00011000
00001001
00001110
00000110
00101101
10110010
10111001
11001010
11100110
11000110
10000100
00010110
00000000
00000000
00001100
00001100
00001100
00001100
00001101
00001110
00001100
00001100
00001101
00001100
00001100
00001101
00001110
00001101
00001011
00001011
00001010
00001001
01010100
00101111
00001010
00001011
00001011
00001001
00010000
10010111
10011011
10000100
11011100
11000111
00111100
00001100
00000000
00000000
00001110
00001111
00001100
00001001
00001010
00001011
00001100
00001101
00001100
00001100
00001101
00001101
00001100
00001100
00001100
00001011
00000110
00111111
00111101
00001010
00001110
00001100
00001001
00001001
00001001
00011000
00101101
00101110
00111011
00110010
00001100
00011010
00000000
00000000
00001111
00001101
00001100
00001101
00001001
00001001
00001100
00001100
00001011
00001100
00001100
00001101
00001011
00001011
00001101
00001000
00101010
01011010
00001101
00001110
00001101
00001101
00001010
00001001
00001010
00100000
00001110
00010000
00000101
00000111
00001101
00001111
00000000
00000000
00001100
00001100
00001110
00010000
00001101
00001100
00001100
00001100
00001011
00001011
00001101
00001111
00001011
00001010
00001001
00010011
01100011
00010111
00001010
00001100
00001101
00001101
00001011
00000110
00100000
01100000
00000011
00001010
00001010
00001010
00001011
00001000
00000000
00000000
00010000
00010001
00010001
00001111
00001110
00001111
00010000
00001101
00001011
00001011
00001100
00001010
00001010
00001101
00001100
01010110
00110001
00000111
00001011
00001100
00001101
00001101
00001011
00000111
00010111
01001110
01001001
01000101
01010000
00010101
00001010
00001010
00000000
00000000
00001011
00001100
00001011
00001100
00001110
00001111
00010001
00010010
00010000
00001100
00001100
00001001
00001110
00111011
00011100
00101010
00001010
00001100
00001101
00001100
00001110
00001110
00001010
00001000
00001011
01101111
01011000
01111101
10100011
00101111
00000101
00001011
00000000
00000000
00001001
00001010
00001010
00001100
00001110
00010001
00010010
00010000
00010000
00010000
00001101
00001111
00010111
00010111
00001101
00001010
00001111
00001110
00001011
00001110
00001110
00001101
00001010
00001000
00001100
00100101
00100000
01000010
01001101
00011101
00001001
00001101
00000000
00000000
00001011
00001100
00001011
00001011
00001010
00001110
00010100
00001110
00001111
00010001
00010010
00100110
00100111
00010010
00001010
00001011
00001100
00001011
00001010
00001100
00001101
00001100
00001001
00001000
00001101
00110111
00001000
00000100
00100000
00110000
00001111
01011100
00000000
00000000
00001010
00001010
00001010
00001001
00001010
00001001
00001100
00001111
00001110
00001111
00010001
00100111
00101111
00110101
00100011
00010010
00001011
00001011
00001100
00001110
00001110
00001010
00001000
00000111
00011000
01001111
00001100
00011001
00001011
00010000
00011110
01011011
00000000
00000000
00001001
00001010
00001001
00001001
00001010
00001010
00001010
00001010
00001011
00001101
00010010
00101001
00101100
00110110
00100111
00010001
00001100
00001101
00001111
00010000
00001110
00001010
00001000
00000111
00011000
00110111
01010101
10011000
00010001
00001001
00001111
00100111
00000000
00000000
00001001
00001010
00001010
00001001
00001001
00001001
00001011
00001100
00001100
00001100
00010011
00011111
00100000
00101000
00011000
00001111
00001101
00001110
00010000
00001110
00001011
00001001
00001000
00000110
00100010
00100011
01111110
10101111
00001100
00111111
00101001
00011010
00000000
00000000
00001001
00001010
00001010
00001100
00001101
00001101
00001110
00001110
00001101
00001101
00010000
00011000
00011111
00100001
00011101
00011001
00001111
00001111
00010000
00001110
00001001
00000111
00001000
00000110
00101000
00011101
10000100
10100101
00111101
10101010
01100010
00010100
00000000
00000000
00001001
00001001
00001001
00001001
00001010
00001100
00001101
00001110
00001110
00001010
00001010
00001111
00010110
00011100
00011011
00001111
00001110
00010000
00001110
00001010
01000100
00011001
00000100
00000111
00101110
00010110
10000101
10101100
10001110
10101110
10001111
00001111
00000000
00000000
00001001
00001001
00001000
00001000
00001000
00001001
00001001
00001011
00001011
00001000
00001010
00001011
00010000
00010101
00010000
00011001
00011011
00001111
00001100
00001101
10010001
10000010
00010100
00000111
00110101
00001100
10001011
10111001
10010100
10100111
10101000
00101110
00000000
00000000
00001001
00001001
00001001
00001000
00001000
00001001
00001001
00001000
00001010
00001100
00010000
00001010
00001010
00010111
00010101
00001111
00011100
00001111
00001001
00100110
10100100
10110000
01111100
00010010
00110110
00100100
10001000
10111101
10010011
10100010
10101010
01100100
00000000
00000000
00001011
00001100
00001100
00001010
00001001
00001001
00001001
00001010
00001110
00001101
00001101
00001111
00001100
00001001
00010000
00001110
00001101
00001110
00000110
01010000
10101111
10101101
10000111
00010110
01000101
01100110
10000110
10111011
10010011
10100101
10100110
10011011
00000000
00000000
00001100
00001100
00001100
00001101
00001100
00001011
00001010
00001110
00001111
00001110
00001111
00010010
00010000
00001110
00001101
00001111
00001110
00001110
00001010
01111011
10101100
10101110
01100110
00011100
01001011
01110001
10000110
10111011
10010010
10100101
10011111
01111011
00000000
00000000
00001111
00001110
00001101
00001101
00001101
00001101
00001011
00001101
00001111
00001110
00001111
00010000
00010000
00001110
00010000
00001111
00001111
00001100
00011011
10011100
10101000
10101111
01001100
00100010
01010110
01111000
10001000
10111100
10010010
10100110
10001010
01011010
00000000
00000000
00001101
00010000
00001111
00001111
00001101
00001101
00001100
00001100
00001111
00001101
00001111
00010000
00001111
00001110
00001111
00001111
00001111
00001000
00111101
10101001
10101000
10110001
00110010
00101111
01100100
01111011
10001000
10111011
10010011
10100011
01100011
01011011
00000000
00000000
00001100
00001110
00010000
00010000
00001111
00001110
00001110
00001110
00001111
00001110
00001111
00001111
00001111
00001110
00001111
00001111
00001111
00001001
01101100
10110001
10111100
10110110
00100001
00110110
01111000
01111101
10001001
10111010
10001010
10011011
01101001
01110111
00000000
00000000
00000000
00000000
00000000
00000000
00000000
00000000
00000000
00000000
00000000
00000000
00000000
00000000
00000000
00000000
00000000
00000000
00000000
00000000
00000000
00000000
00000000
00000000
00000000
00000000
00000000
00000000
00000000
00000000
00000000
00000000
00000000
00000000
00000000
