00000000
00000000
00000000
00000000
00000000
00000000
00000000
00000000
00000000
00000000
00000000
00000000
00000000
00000000
00000000
00000000
00000000
00000000
00000000
00000000
00000000
00000000
00000000
00000000
00000000
00000000
00000000
00000000
00000000
00000000
00000000
00000000
00000000
00000000
00000000
10101111
10110010
10110011
10110011
10110010
10110100
10110110
10110110
10110101
10110100
10110100
10110101
10110110
10110111
11000001
01100111
00000010
00001001
00001001
00001001
00001011
00001011
00001010
00001000
00000110
00001001
00000101
01011011
11000001
10111001
10110110
10110100
00000000
00000000
10110000
10110001
10110010
10110101
10110100
10110100
10110101
10110110
10110101
10110100
10110101
10110110
10111000
10111001
10111111
01001000
00000100
00001010
00000111
00001001
00001010
00001010
00000101
00001010
00100011
00001101
00000111
01011101
10011001
10110011
10110111
10110011
00000000
00000000
10110000
10110001
10110011
10110011
10110100
10110101
10110101
10110110
10110101
10110101
10110100
10110111
10111000
10111101
10010100
00001100
00001000
00000111
00101110
00101111
00000110
00001000
00111010
10001000
10011011
01001110
00011011
00101000
00111000
01011100
10100000
10111100
00000000
00000000
10110000
10110010
10110011
10110100
10110100
10110100
10110101
10110110
10110110
10110101
10110101
10110110
10111000
11000100
01111010
00000110
00001001
00000111
01101011
01100110
00101111
00101010
10110001
10000011
01000001
01011011
01001000
01010111
01000101
01000000
01011001
10001111
00000000
00000000
10110000
10110010
10110010
10110011
10110011
10110101
10111101
10111111
10111110
10111110
10111111
10111111
11000000
10110011
00110011
00000111
00000111
00000111
01010011
10000000
01010100
01001101
10110110
10011110
10011001
10100111
01001110
01001011
01100010
01111111
01111001
10000011
00000000
00000000
10110001
10110010
10110001
10110011
10110111
10110110
01111100
01011111
01010100
01011001
01011000
01010011
01001001
00101000
00000111
00001100
00011011
00011111
00100001
01100111
01111000
10010010
10100110
10110000
10100100
10111011
01001111
00110010
01110110
10010000
10010101
01110000
00000000
00000000
10110000
10110001
10110010
10110100
10111101
01011100
00000101
00001001
00001100
00001100
00001011
00001010
00001010
00001011
00000110
00101011
01010010
01011000
00101011
00100000
01011100
10001010
10100010
10010110
01111110
01100000
00110100
01001111
01001101
01101100
01001010
01100111
00000000
00000000
10110010
10110011
10110100
10111111
10001111
00010001
00001100
00001110
00010010
00010010
00010001
00010000
00010000
00001110
00000110
00101110
10100011
01110011
01010110
00011001
00011011
01010011
01110111
01101011
01101001
10001011
00110101
01000001
00101110
00110101
00101101
01111010
00000000
00000000
10110011
10110100
10111110
10011100
00100100
00001101
00001111
00001110
00010000
00010000
00010000
00010000
00001111
00010001
00001001
00010001
10101001
10011010
01101000
00100111
00001011
00011000
01001110
01101111
10011101
10010111
00110100
00100011
00101000
00101010
00111001
01110001
00000000
00000000
10110101
11000000
10010110
00100010
00001010
00010000
00001111
00001110
00001111
00001111
00001110
00010000
00010000
00001110
00001001
00000100
01010001
10010100
10000100
01000010
00001001
00000111
00011010
01111001
10111010
10010000
00110100
00100110
00100111
00111111
01010111
00110111
00000000
00000000
10111010
01110101
00011010
00001011
00001111
00010000
00001111
00001110
00001101
00001101
00001101
00001111
00001111
00001110
00001101
00001001
00110100
01110100
01000101
00100110
00000110
00000110
00001111
10100011
10111100
10011000
00110101
00101111
00111010
01000100
01010100
00110100
00000000
00000000
01011001
00001011
00001010
00001101
00001111
00001101
00001110
00001101
00001100
00001101
00001101
00001111
00010000
00011000
00001111
00001100
00011100
01100010
00010111
00001110
00001011
00000111
00000000
01011111
10110111
10110101
01100010
00110000
00110110
00110100
01000110
00101001
00000000
00000000
00001011
00001111
00001101
00001010
00001100
00001110
00001011
00001100
00001100
00001100
00001100
00001101
00001110
00011000
00010000
00000111
00010101
01010110
00010010
00010010
00010000
00010110
01000100
01011101
10000010
10101001
10001011
01101111
01110110
10000100
10100010
01000100
00000000
00000000
00010000
00001111
00010000
00010000
00001101
00001110
00001100
00001100
00001100
00001101
00001100
00001101
00001110
00001011
00001111
00001000
00010100
00110011
00010100
00001111
00011110
01011100
00110010
00100101
01101000
01101000
00111001
10000011
11101000
11100111
11011010
01010100
00000000
00000000
00010010
00010010
00010001
00010001
00010000
00001111
00001101
00001011
00001101
00001101
00001101
00001110
00001110
00001111
00001111
00001010
00001101
00010001
00001010
00011001
01011100
00011101
00001001
00000100
01100010
10101110
10100110
11011000
11100001
11110101
10100110
01001010
00000000
00000000
00001111
00001110
00001111
00001110
00001101
00001101
00001011
00001011
00001100
00001100
00001100
00001110
00001110
00001010
00001010
00001011
00001100
00001000
00010111
01100001
00100000
00001000
00001110
00000101
00110001
10110111
10111100
11010001
11101010
11010000
10000011
00011000
00000000
00000000
00001100
00001101
00001100
00001011
00001100
00001101
00001100
00001101
00001101
00001100
00001100
00001101
00001101
00001101
00001011
00001100
00001001
00010000
01010100
00100111
00001010
00001011
00001010
00001001
00001110
01111101
10000100
01110001
11000001
10101011
00110000
00001111
00000000
00000000
00001111
00001111
00001100
00001010
00001001
00001010
00001100
00001101
00001100
00001100
00001101
00001100
00001011
00001011
00001100
00001010
00001111
01010101
00100101
00001010
00001101
00001100
00001001
00001001
00001000
00001011
00011010
00011101
00010101
00010011
00001011
00010111
00000000
00000000
00001100
00001100
00001101
00001111
00001011
00001011
00001100
00001100
00001011
00001011
00001100
00001111
00001011
00001010
00001010
00001011
01010101
00101111
00001000
00001101
00001101
00001101
00001011
00000111
00010111
01001111
00000011
00001000
00000111
00001000
00001011
00001001
00000000
00000000
00001111
00010000
00010000
00010000
00001110
00001111
00010000
00001101
00001011
00001011
00001100
00001010
00001010
00001110
00001101
01001100
00111001
00000110
00001010
00001100
00001101
00001101
00001011
00000111
00011001
01010101
00111111
00111101
01001001
00010101
00001010
00001010
00000000
00000000
00001010
00001011
00001011
00001100
00001110
00010000
00010000
00010001
00010000
00001101
00001100
00001000
00010000
00110101
00011000
00100100
00001010
00001101
00001101
00001101
00001111
00001110
00001010
00001000
00001011
01100010
01010000
01111001
10010111
00101011
00000110
00001000
00000000
00000000
00001010
00001011
00001011
00001011
00001101
00010001
00010100
00001111
00001111
00010001
00001111
00011010
00011101
00001111
00001011
00001001
00001110
00001101
00001011
00001101
00001110
00001101
00001001
00001001
00001011
00100001
00010010
00100000
00110101
00100101
00001010
00101011
00000000
00000000
00001010
00001011
00001010
00001010
00001010
00001010
00001110
00001111
00001111
00010000
00010001
00100111
00101110
00101000
00011000
00001111
00001011
00001011
00001011
00001101
00001110
00001011
00001000
00000111
00010100
01001101
00000110
00001000
00010001
00011101
00011001
01100111
00000000
00000000
00001001
00001010
00001001
00001001
00001010
00001010
00001010
00001011
00001011
00001101
00010010
00101001
00101100
00111000
00101000
00010001
00001011
00001101
00001111
00010000
00001110
00001010
00001000
00000111
00011000
00111001
01001011
10000111
00001111
00001000
00010010
00101101
00000000
00000000
00001001
00001010
00001010
00001010
00001010
00001010
00001011
00001100
00001100
00001100
00010011
00011110
00100000
00100110
00011011
00010010
00001110
00001110
00010000
00001110
00001010
00001000
00001000
00000110
00100100
00100010
10000000
10101111
00001111
01010011
00110001
00011001
00000000
00000000
00001001
00001001
00001010
00001011
00001100
00001101
00001110
00001110
00001110
00001100
00001110
00010101
00011100
00100000
00011011
00010100
00001111
00010000
00001111
00001100
00011000
00000111
00000111
00000111
00101001
00011010
10000100
10100111
01100011
10110010
01110101
00001111
00000000
00000000
00001001
00001001
00001000
00001000
00001000
00001010
00001011
00001100
00001100
00001000
00001001
00001100
00010010
00010110
00010110
00010110
00010100
00001111
00001101
00001010
01111010
01011000
00001000
00000111
00110101
00001111
10001001
10110101
10010101
10101001
10100010
00011111
00000000
00000000
00001001
00001001
00001001
00001000
00001000
00001000
00001001
00001001
00001010
00001011
00001111
00001010
00001011
00010111
00010011
00010001
00011101
00001111
00001001
00100011
10100011
10101111
01101101
00010000
00110110
00100001
10001001
10111101
10010100
10100011
10101011
01011110
00000000
00000000
00001011
00001100
00001100
00001010
00001001
00001001
00001001
00001011
00001110
00001101
00001110
00010000
00001101
00001010
00010000
00001110
00001101
00001110
00000110
01010110
10101110
10101101
10000100
00010111
01000101
01100111
10000110
10111011
10010011
10100101
10100110
10011001
00000000
00000000
00001110
00001101
00001100
00001101
00001101
00001100
00001011
00001110
00001111
00001110
00001111
00010001
00010001
00001111
00001110
00001111
00001111
00001101
00001111
10001001
10101010
10101111
01011100
00011111
01010000
01110100
10000111
10111100
10010010
10100101
10011000
01101010
00000000
00000000
00001110
00010000
00001111
00001110
00001101
00001101
00001100
00001100
00001111
00001110
00001111
00010000
00001111
00001110
00001111
00001111
00001111
00001001
00110000
10100110
10100111
10101111
00111011
00101010
01011110
01111010
10001000
10111100
10010011
10100100
01110001
01011001
00000000
00000000
00001100
00001110
00010000
00001111
00001111
00001110
00001110
00001110
00001111
00001110
00001111
00001111
00001111
00001110
00001111
00001111
00001111
00001001
01100110
10110000
10111001
10110110
00100010
00110110
01110110
01111101
10001001
10111010
10001011
10011100
01100110
01110011
00000000
00000000
00000000
00000000
00000000
00000000
00000000
00000000
00000000
00000000
00000000
00000000
00000000
00000000
00000000
00000000
00000000
00000000
00000000
00000000
00000000
00000000
00000000
00000000
00000000
00000000
00000000
00000000
00000000
00000000
00000000
00000000
00000000
00000000
00000000
